#year gmst
1851 13.521125718080064
1852 13.538533699048056
1853 13.534523053835555
1854 13.555607591759596
1855 13.567246730851014
1856 13.567051758331653
1857 13.577727485799429
1858 13.593793372616247
1859 13.589661164564484
1860 13.576641206522202
1861 13.554209919262714
1862 13.50651482005966
1863 13.499487590084152
1864 13.46057966778027
1865 13.486186499492792
1866 13.501945104447472
1867 13.510569574748631
1868 13.557650814894565
1869 13.540794788096644
1870 13.54858917399028
1871 13.515415479155928
1872 13.50618452660343
1873 13.563516652993933
1874 13.60080191971321
1875 13.597961654335627
1876 13.599912597683012
1877 13.579943754959338
1878 13.572812714780344
1879 13.651022649011592
1880 13.706254189112755
1881 13.735890298229087
1882 13.723589587389199
1883 13.613725158342865
1884 13.54201654768918
1885 13.4532381499899
1886 13.427628263157684
1887 13.518545724254723
1888 13.587198924156809
1889 13.643315337380061
1890 13.644508134994657
1891 13.628604356069921
1892 13.613858744390939
1893 13.572899782042127
1894 13.561955203311813
1895 13.54631101360739
1896 13.527646864502026
1897 13.548430663287695
1898 13.573780285020861
1899 13.591785837008977
1900 13.574190195738765
1901 13.583849033724563
1902 13.574235311766655
1903 13.516832527072399
1904 13.493204985214144
1905 13.439495519039992
1906 13.443365786649933
1907 13.473360932022693
1908 13.470486382008637
1909 13.505947792942862
1910 13.514338150888882
1911 13.510095504682194
1912 13.528438086784364
1913 13.553548717051948
1914 13.538995075532082
1915 13.567919747913198
1916 13.592508754339526
1917 13.58291525828509
1918 13.596909718923369
1919 13.61013956306191
1920 13.61013721140677
1921 13.631443631027109
1922 13.69044046909493
1923 13.697939494080941
1924 13.720597174474324
1925 13.732359279147774
1926 13.726684997689791
1927 13.758109571822013
1928 13.744050464459132
1929 13.738550928050959
1930 13.712223660505863
1931 13.718033781247799
1932 13.747296135055002
1933 13.769281095445187
1934 13.795409821687226
1935 13.778879660564396
1936 13.836521458910669
1937 13.838043380386793
1938 13.830936657033595
1939 13.865921908267001
1940 13.864654294010887
1941 13.90839104553504
1942 13.976202435577708
1943 13.97878928243294
1944 13.957394076264135
1945 13.934564625339714
1946 13.89449031249042
1947 13.885422900906516
1948 13.898670410280317
1949 13.953550342638135
1950 13.965880713575348
1951 13.985832638335165
1952 13.998372477318075
1953 14.018522707579157
1954 14.051053474335234
1955 14.079138871306052
1956 14.096272043573544
1957 14.048848998488356
1958 14.047991672244187
1959 14.057660045209008
1960 14.049290048389855
1961 14.075954206159874
1962 14.06429986145606
1963 14.017944502646754
1964 13.973866498456937
1965 13.89630363157237
1966 13.837981788956938
1967 13.838066930054385
1968 13.858973595546288
1969 13.914065301631053
1970 13.984812346208363
1971 13.988413332001619
1972 13.971011254206797
1973 13.957550445596194
1974 13.900361408726425
1975 13.889452146431518
1976 13.929958486920333
1977 13.928734604775476
1978 13.987097550380486
1979 14.058974850633607
1980 14.12899600581006
1981 14.166011510533414
1982 14.160792635917337
1983 14.154673887028192
1984 14.10628055588979
1985 14.149048748704683
1986 14.216599182018893
1987 14.285831769155259
1988 14.339677560803738
1989 14.385246827745375
1990 14.400394994554867
1991 14.332835495336697
1992 14.306254608635292
1993 14.286468831310083
1994 14.27399165038766
1995 14.337228077883962
1996 14.399799232715017
1997 14.420052260013952
1998 14.4711009959593
1999 14.505015203108545
2000 14.530500706483611
2001 14.592804018582655
2002 14.653886882100943
2003 14.700090735921417
2004 14.730301160076635
2005 14.744348055188997
2006 14.751300409259452
2007 14.75913600084229
2008 14.781997187362183
2009 14.80550293751715
2010 14.845854041680433
2011 14.88144433296986
2012 14.903863453835488
2013 14.989627349706577
2014 15.045534655151375
2015 15.108176446953937
2016 15.162212876651925
2017 15.181571519452957
2018 15.2406942697535
2019 15.279330656863253
2020 15.357179341319188
2021 15.4024239988888
2022 15.419508940852783
2023 15.494869231119505
2024 15.600113266063316
2025 15.70343942555373
2026 15.77020956570686
2027 15.831204774124961
2028 15.832964225395564
2029 15.84245790029134
2030 15.912321663078206
2031 15.967710064614987
2032 16.03211406066415
2033 16.08736688840323
2034 16.113965844549895
2035 16.13712747364174
2036 16.20859466370363
2037 16.256191068923787
2038 16.31903592962027
2039 16.377387362791183
2040 16.398371676147654
2041 16.451042505513012
2042 16.50004233162931
2043 16.53588446086337
2044 16.601445225273725
2045 16.656079643579865
2046 16.68712237155823
2047 16.758508815335897
2048 16.796003377172504
2049 16.811660104753113
2050 16.886088146511074
2051 16.930929662027044
2052 16.967907373273594
2053 17.06703767100673
2054 17.156601125573562
2055 17.24574050308803
2056 17.326370007612844
2057 17.343791983457017
2058 17.33340916025437
2059 17.3342374438305
2060 17.33416042451036
2061 17.39401914269905
2062 17.444999055951378
2063 17.505325929679007
2064 17.561446332627586
2065 17.610681020981794
2066 17.67142760591103
2067 17.718399162667048
2068 17.81927129599368
2069 17.88505451031546
2070 17.975523860542573
2071 18.08988791773698
2072 18.115002603958892
2073 18.185777683974283
2074 18.231455863313858
2075 18.237911938608438
2076 18.305373205352307
2077 18.37068821033835
2078 18.45547476669462
2079 18.55767428604224
2080 18.647382873338785
2081 18.726902939963566
2082 18.804789010194636
2083 18.855478177379133
2084 18.944810729041187
2085 19.02015261240112
2086 19.0415524853938
2087 19.097843219091338
2088 19.130098783504362
2089 19.16775085817199
2090 19.2777891081172
2091 19.321884571956232
2092 19.367356397970074
2093 19.445405779038023
2094 19.475973498515255
2095 19.549121151851523
2096 19.62658279240729
2097 19.670729428991514
2098 19.73725549918056
2099 19.80044227507271
2100 19.836779814939888
